% f evaluations | g evaluations | best noise-free fitness - Fopt | noise-free fitness - Fopt (6.870000000000e+00) | measured fitness | best measured fitness | x1 | x2...
1 0 +1.700119263e+01 +1.700119263e+01 +2.387119263e+01 +2.387119263e+01 +0.0000e+00 +0.0000e+00 +0.0000e+00 +0.0000e+00 +0.0000e+00 +0.0000e+00 +0.0000e+00 +0.0000e+00 +0.0000e+00 +0.0000e+00
2 0 +1.092939713e+01 +1.092939713e+01 +1.779939713e+01 +1.779939713e+01 +3.9043e+00 +3.3677e+00 -4.9284e+00 +3.1151e+00 -4.2587e+00 -2.8431e+00 +1.1337e+00 -5.9405e-02 +3.7202e+00 -2.3339e+00
5 0 +5.745624259e+00 +5.745624259e+00 +1.261562426e+01 +1.261562426e+01 +1.6219e+00 -1.6677e+00 -3.4306e+00 +2.5745e+00 -1.2378e+00 -3.3638e+00 -7.1492e-01 -8.1674e-01 -1.4029e+00 +1.5361e+00
% f evaluations | g evaluations | best noise-free fitness - Fopt | noise-free fitness - Fopt (1.000000000000e-02) | measured fitness | best measured fitness | x1 | x2...
1 0 +9.237923688e+00 +9.237923688e+00 +9.247923688e+00 +9.247923688e+00 +0.0000e+00 +0.0000e+00 +0.0000e+00 +0.0000e+00 +0.0000e+00 +0.0000e+00 +0.0000e+00 +0.0000e+00 +0.0000e+00 +0.0000e+00
5 0 +7.688606731e+00 +7.688606731e+00 +7.698606731e+00 +7.698606731e+00 +1.4973e+00 +3.1019e+00 +3.5386e+00 -4.5098e+00 -2.1088e+00 -1.2896e+00 -1.5281e+00 -2.3763e-01 +3.3578e+00 -2.3904e+00
9 0 +6.671157959e+00 +6.671157959e+00 +6.681157959e+00 +6.681157959e+00 -8.8035e-01 +3.1982e+00 -4.6985e+00 -4.8939e+00 +1.3901e+00 +4.3451e-01 -1.5660e-01 -3.2971e+00 +1.1528e+00 -2.8695e+00
% f evaluations | g evaluations | best noise-free fitness - Fopt | noise-free fitness - Fopt (-1.306100000000e+02) | measured fitness | best measured fitness | x1 | x2...
1 0 +1.631815340e+01 +1.631815340e+01 -1.142918466e+02 -1.142918466e+02 +0.0000e+00 +0.0000e+00 +0.0000e+00 +0.0000e+00 +0.0000e+00 +0.0000e+00 +0.0000e+00 +0.0000e+00 +0.0000e+00 +0.0000e+00
3 0 +4.127175189e+00 +4.127175189e+00 -1.264828248e+02 -1.264828248e+02 -2.8339e+00 +1.0187e+00 +7.3689e-01 +1.4952e+00 +2.6489e+00 +1.2423e-01 -4.1128e+00 -6.4541e-01 +2.9915e+00 -4.0067e+00
% f evaluations | g evaluations | best noise-free fitness - Fopt | noise-free fitness - Fopt (-2.231200000000e+02) | measured fitness | best measured fitness | x1 | x2...
1 0 +2.847414819e+01 +2.847414819e+01 -1.946458518e+02 -1.946458518e+02 +0.0000e+00 +0.0000e+00 +0.0000e+00 +0.0000e+00 +0.0000e+00 +0.0000e+00 +0.0000e+00 +0.0000e+00 +0.0000e+00 +0.0000e+00
2 0 +2.023100963e+01 +2.023100963e+01 -2.028889904e+02 -2.028889904e+02 -1.7907e+00 +6.5076e-01 -1.9510e+00 +3.2103e+00 -1.3643e+00 +1.9125e+00 -6.0969e-03 -4.2399e+00 -2.4649e+00 -2.3054e+00
3 0 +1.774377293e+01 +1.774377293e+01 -2.053762271e+02 -2.053762271e+02 -3.3968e+00 -1.0229e+00 +1.0912e+00 -1.2377e+00 +4.3772e+00 +4.4222e+00 +1.1000e+00 +4.1294e+00 +3.1145e+00 +1.7342e+00
7 0 +1.686644606e+01 +1.686644606e+01 -2.062535539e+02 -2.062535539e+02 +3.9427e+00 +4.8803e+00 -3.6621e+00 -1.7185e+00 +1.7756e+00 +1.6477e+00 +3.2885e+00 +5.7792e-01 -2.8481e+00 -6.9011e-02
9 0 +7.642685876e+00 +7.642685876e+00 -2.154773141e+02 -2.154773141e+02 +4.9181e+00 +1.7620e+00 -2.9236e+00 -1.2273e+00 -4.8039e+00 -3.6675e+00 -1.1698e+00 -4.3780e+00 +2.3224e+00 +9.5465e-01
14 0 +3.961856326e+00 +3.961856326e+00 -2.191581437e+02 -2.191581437e+02 -3.1384e+00 -1.8432e+00 +2.2354e+00 -1.8769e-01 -2.5477e+00 -4.1458e+00 -1.8067e+00 -4.4409e+00 -2.5487e+00 +3.3427e+00
% f evaluations | g evaluations | best noise-free fitness - Fopt | noise-free fitness - Fopt (-4.443000000000e+01) | measured fitness | best measured fitness | x1 | x2...
1 0 +1.456676615e+01 +1.456676615e+01 -2.986323385e+01 -2.986323385e+01 +0.0000e+00 +0.0000e+00 +0.0000e+00 +0.0000e+00 +0.0000e+00 +0.0000e+00 +0.0000e+00 +0.0000e+00 +0.0000e+00 +0.0000e+00
4 0 +1.059962842e+01 +1.059962842e+01 -3.383037158e+01 -3.383037158e+01 -3.7333e+00 +1.1434e+00 -7.5214e-01 -1.3366e+00 -2.7779e+00 -2.5461e+00 -2.1189e+00 +3.0424e+00 +3.1913e-01 +4.3977e+00
13 0 +9.423663197e+00 +9.423663197e+00 -3.500633680e+01 -3.500633680e+01 -4.4164e+00 +1.3383e-01 -4.5779e+00 -1.9903e+00 +2.5187e+00 -4.3474e+00 -4.4522e+00 -4.1446e+00 +3.9415e+00 -3.7006e+00
% f evaluations | g evaluations | best noise-free fitness - Fopt | noise-free fitness - Fopt (2.557800000000e+02) | measured fitness | best measured fitness | x1 | x2...
1 0 +2.397319266e+01 +2.397319266e+01 +2.797531927e+02 +2.797531927e+02 +0.0000e+00 +0.0000e+00 +0.0000e+00 +0.0000e+00 +0.0000e+00 +0.0000e+00 +0.0000e+00 +0.0000e+00 +0.0000e+00 +0.0000e+00
2 0 +1.733026805e+01 +1.733026805e+01 +2.731102681e+02 +2.731102681e+02 +3.5214e+00 +1.0479e+00 +3.8892e+00 +2.3997e+00 +1.8901e+00 -5.7565e-01 -4.5607e+00 -4.0371e+00 +1.8373e+00 -2.8560e+00
3 0 +1.197297041e+01 +1.197297041e+01 +2.677529704e+02 +2.677529704e+02 +3.1681e-01 +1.7739e+00 -6.7788e-01 -2.8383e+00 +3.9876e+00 -8.7829e-01 +1.2462e+00 -9.2294e-01 -9.6671e-01 -4.8855e+00
5 0 +7.675262010e+00 +7.675262010e+00 +2.634552620e+02 +2.634552620e+02 +3.6631e+00 +2.7650e+00 -4.6976e+00 -3.4272e+00 -4.9302e+00 -1.8223e-01 -1.3160e-01 -1.5048e+00 -1.1736e+00 +2.2747e+00
10 0 +5.508262785e+00 +5.508262785e+00 +2.612882628e+02 +2.612882628e+02 -3.9968e+00 -4.8852e+00 -4.0125e-01 -4.1164e+00 +3.5845e+00 -1.1172e+00 -2.3425e+00 +1.0557e+00 -9.6929e-01 -1.7793e+00
% f evaluations | g evaluations | best noise-free fitness - Fopt | noise-free fitness - Fopt (1.000000000000e+03) | measured fitness | best measured fitness | x1 | x2...
1 0 +9.391019891e+00 +9.391019891e+00 +1.009391020e+03 +1.009391020e+03 +0.0000e+00 +0.0000e+00 +0.0000e+00 +0.0000e+00 +0.0000e+00 +0.0000e+00 +0.0000e+00 +0.0000e+00 +0.0000e+00 +0.0000e+00
2 0 +7.862916597e+00 +7.862916597e+00 +1.007862917e+03 +1.007862917e+03 -3.2676e+00 -5.8731e-02 -1.3270e+00 +3.5188e-01 +1.9481e+00 +1.2800e+00 +4.8082e+00 +6.7120e-01 +4.1789e+00 -5.2014e-01
7 0 +7.656266986e+00 +7.656266986e+00 +1.007656267e+03 +1.007656267e+03 +4.9172e+00 -3.8062e+00 +4.3158e-01 +2.5934e+00 +2.0177e+00 -3.5756e-02 -3.4165e+00 +1.2762e+00 -3.7700e+00 -2.1478e+00
14 0 +6.602828243e+00 +6.602828243e+00 +1.006602828e+03 +1.006602828e+03 -1.2372e-01 -2.4853e+00 -1.4591e+00 +4.0202e+00 -1.3690e+00 +4.0867e+00 -3.2093e+00 +3.7382e+00 +1.5276e-01 -4.6161e+00
% f evaluations | g evaluations | best noise-free fitness - Fopt | noise-free fitness - Fopt (-1.869500000000e+02) | measured fitness | best measured fitness | x1 | x2...
1 0 +2.348465466e+01 +2.348465466e+01 -1.634653453e+02 -1.634653453e+02 +0.0000e+00 +0.0000e+00 +0.0000e+00 +0.0000e+00 +0.0000e+00 +0.0000e+00 +0.0000e+00 +0.0000e+00 +0.0000e+00 +0.0000e+00
2 0 +2.096755408e+01 +2.096755408e+01 -1.659824459e+02 -1.659824459e+02 +4.4814e+00 +2.4292e+00 +5.7427e-01 +1.6416e+00 -1.5992e+00 -2.9733e+00 -4.0777e+00 +3.4023e-01 +2.7437e+00 +4.3701e-02
3 0 +1.651391711e+01 +1.651391711e+01 -1.704360829e+02 -1.704360829e+02 -4.9085e+00 +4.2624e+00 -2.9630e+00 -4.5783e+00 -4.2947e+00 +4.5737e+00 +3.1628e+00 +4.6765e+00 -1.5986e+00 +1.5676e+00
4 0 +8.108054229e+00 +8.108054229e+00 -1.788419458e+02 -1.788419458e+02 +3.9968e+00 +3.8503e+00 +2.9611e+00 -1.9260e+00 -2.1899e+00 -3.7496e-01 +4.3988e+00 -2.7584e+00 +2.5799e+00 -3.8479e+00
8 0 +7.397256369e+00 +7.397256369e+00 -1.795527436e+02 -1.795527436e+02 +2.7245e+00 +3.9921e-01 -3.2168e-01 -3.9355e+00 +3.5039e+00 +1.6133e+00 +4.6828e+00 +3.0714e+00 +3.9816e+00 +3.1409e+00
13 0 +6.546661274e+00 +6.546661274e+00 -1.804033387e+02 -1.804033387e+02 -4.5657e+00 -2.7123e+00 -3.7850e+00 -4.1051e+00 -4.3265e+00 -5.9943e-01 +3.7604e+00 -2.9708e+00 -2.3716e+00 -4.3062e+00
% f evaluations | g evaluations | best noise-free fitness - Fopt | noise-free fitness - Fopt (5.859500000000e+02) | measured fitness | best measured fitness | x1 | x2...
1 0 +2.472371669e+01 +2.472371669e+01 +6.106737167e+02 +6.106737167e+02 +0.0000e+00 +0.0000e+00 +0.0000e+00 +0.0000e+00 +0.0000e+00 +0.0000e+00 +0.0000e+00 +0.0000e+00 +0.0000e+00 +0.0000e+00
2 0 +1.734529363e+01 +1.734529363e+01 +6.032952936e+02 +6.032952936e+02 +3.2425e+00 +1.8369e+00 +2.5085e+00 -3.3292e+00 -6.2977e-01 +4.7268e+00 -2.0143e-01 +4.0184e-01 -1.6462e-01 -2.2407e+00
4 0 +1.239678561e+01 +1.239678561e+01 +5.983467856e+02 +5.983467856e+02 +3.2858e+00 -3.7535e+00 +6.7792e-02 +4.6128e+00 -2.0508e+00 -7.8957e-01 -2.3512e+00 -2.8871e+00 -6.6889e-01 +1.5363e+00
5 0 +1.179935985e+01 +1.179935985e+01 +5.977493598e+02 +5.977493598e+02 +2.0350e+00 -3.8167e+00 +1.5905e+00 +3.1455e+00 -3.4219e+00 +3.5042e+00 +4.4716e+00 -4.4449e+00 -4.9014e+00 +2.8695e+00
7 0 +1.011880822e+01 +1.011880822e+01 +5.960688082e+02 +5.960688082e+02 -7.4671e-01 -3.9548e+00 +2.5998e+00 +4.6018e+00 +5.8691e-01 +2.8844e+00 -4.1823e+00 -3.7593e+00 +4.5865e-01 -4.5727e+00
10 0 +5.745419440e+00 +5.745419440e+00 +5.916954194e+02 +5.916954194e+02 +4.8213e+00 +2.2223e+00 +2.6795e+00 +1.0974e+00 -7.8351e-01 +1.2140e+00 +4.3892e+00 +2.0848e+00 -4.2173e+00 -3.5925e+00
15 0 +4.712660608e+00 +4.712660608e+00 +5.906626606e+02 +5.906626606e+02 +2.9763e+00 +4.1456e-01 -4.9862e+00 -2.6691e-01 -1.8961e+00 -2.6465e+00 +1.1422e-01 +5.9432e-01 -2.0370e+00 -4.5161e+00
% f evaluations | g evaluations | best noise-free fitness - Fopt | noise-free fitness - Fopt (2.871600000000e+02) | measured fitness | best measured fitness | x1 | x2...
1 0 +1.418167891e+01 +1.418167891e+01 +3.013416789e+02 +3.013416789e+02 +0.0000e+00 +0.0000e+00 +0.0000e+00 +0.0000e+00 +0.0000e+00 +0.0000e+00 +0.0000e+00 +0.0000e+00 +0.0000e+00 +0.0000e+00
2 0 +1.388386867e+01 +1.388386867e+01 +3.010438687e+02 +3.010438687e+02 -6.9649e-01 -4.0263e-02 -1.7310e+00 -3.3898e+00 +2.6197e-01 +3.9257e+00 +3.9060e+00 +2.0451e+00 +4.3303e+00 +4.0831e+00
4 0 +7.508876434e+00 +7.508876434e+00 +2.946688764e+02 +2.946688764e+02 +3.6457e+00 -1.6975e+00 -1.8652e+00 +4.8357e+00 -4.9901e-01 +3.8561e-01 +2.0122e+00 +3.2152e+00 +3.6869e+00 -2.6139e+00
14 0 +6.154551618e+00 +6.154551618e+00 +2.933145516e+02 +2.933145516e+02 -2.5309e+00 -1.0433e-01 +4.4339e+00 +3.5454e+00 +2.7194e+00 +3.7922e+00 -3.3709e+00 +1.9245e+00 -3.9903e+00 -1.5172e+00
% f evaluations | g evaluations | best noise-free fitness - Fopt | noise-free fitness - Fopt (-3.943800000000e+02) | measured fitness | best measured fitness | x1 | x2...
1 0 +3.742343468e+01 +3.742343468e+01 -3.569565653e+02 -3.569565653e+02 +0.0000e+00 +0.0000e+00 +0.0000e+00 +0.0000e+00 +0.0000e+00 +0.0000e+00 +0.0000e+00 +0.0000e+00 +0.0000e+00 +0.0000e+00
2 0 +2.696107140e+01 +2.696107140e+01 -3.674189286e+02 -3.674189286e+02 +4.5191e+00 -8.0172e-01 -4.4228e+00 -5.7692e-01 -6.3926e-01 -3.0420e+00 -2.6324e-01 +2.8835e+00 +1.1649e+00 -4.2200e+00
3 0 +1.520604204e+01 +1.520604204e+01 -3.791739580e+02 -3.791739580e+02 +1.3915e+00 +4.4237e+00 +4.7041e+00 -2.8247e+00 +2.8970e+00 +2.4036e+00 -3.8303e+00 +3.9782e+00 -2.0200e+00 -4.6678e+00
6 0 +1.105428442e+01 +1.105428442e+01 -3.833257156e+02 -3.833257156e+02 -4.3201e+00 -2.2898e+00 -3.7052e+00 -2.0983e+00 +4.1823e+00 -2.1362e+00 -3.4608e+00 +4.9604e+00 +3.2822e+00 +2.4370e+00
7 0 +6.831822602e+00 +6.831822602e+00 -3.875481774e+02 -3.875481774e+02 +4.7167e+00 -7.0563e-01 -1.0220e+00 -3.3013e+00 -2.0726e+00 +4.5578e+00 -3.5194e+00 +4.8424e+00 +4.6765e+00 -3.1653e+00
8 0 +6.557069892e+00 +6.557069892e+00 -3.878229301e+02 -3.878229301e+02 +2.1510e+00 +3.1593e+00 +1.4342e+00 -4.4943e+00 +1.6240e+00 -1.0532e+00 +1.8379e+00 -9.9442e-01 -3.1693e+00 +2.1620e+00
% f evaluations | g evaluations | best noise-free fitness - Fopt | noise-free fitness - Fopt (5.443000000000e+01) | measured fitness | best measured fitness | x1 | x2...
1 0 +1.626782493e+01 +1.626782493e+01 +7.069782493e+01 +7.069782493e+01 +0.0000e+00 +0.0000e+00 +0.0000e+00 +0.0000e+00 +0.0000e+00 +0.0000e+00 +0.0000e+00 +0.0000e+00 +0.0000e+00 +0.0000e+00
3 0 +8.380130025e+00 +8.380130025e+00 +6.281013003e+01 +6.281013003e+01 -2.7819e+00 -4.8349e+00 -2.0970e+00 -1.5728e+00 -1.0133e+00 -1.1005e+00 +7.3825e-01 -3.6359e-01 +4.1085e+00 -2.3211e+00
9 0 +8.026879477e+00 +8.026879477e+00 +6.245687948e+01 +6.245687948e+01 +4.7419e+00 +2.9466e+00 -1.6996e-01 -1.5328e+00 +3.7578e-03 -1.2578e+00 -4.4407e+00 +7.3909e-01 +1.8699e+00 +2.3722e+00
12 0 +4.975878355e+00 +4.975878355e+00 +5.940587836e+01 +5.940587836e+01 -1.2994e+00 -4.0780e+00 -9.9451e-01 -2.3328e+00 -2.1025e+00 -5.5841e-02 +9.5992e-01 -2.0534e+00 +9.9034e-02 +2.6397e+00
% f evaluations | g evaluations | best noise-free fitness - Fopt | noise-free fitness - Fopt (1.396900000000e+02) | measured fitness | best measured fitness | x1 | x2...
1 0 +2.266168168e+01 +2.266168168e+01 +1.623516817e+02 +1.623516817e+02 +0.0000e+00 +0.0000e+00 +0.0000e+00 +0.0000e+00 +0.0000e+00 +0.0000e+00 +0.0000e+00 +0.0000e+00 +0.0000e+00 +0.0000e+00
2 0 +2.179514041e+01 +2.179514041e+01 +1.614851404e+02 +1.614851404e+02 +3.9724e+00 +1.3643e+00 -3.3645e+00 +3.1680e-01 +1.7919e+00 +2.4344e+00 -3.9720e+00 +3.9959e+00 -5.5472e-01 +1.5361e+00
3 0 +1.093228265e+01 +1.093228265e+01 +1.506222827e+02 +1.506222827e+02 +4.7164e-01 -2.4221e+00 -2.2674e-01 +1.9337e+00 -4.4032e+00 +1.6921e+00 +3.6754e-01 +3.1803e-01 +4.2919e+00 -5.2564e-01
5 0 +2.515659773e+00 +2.515659773e+00 +1.422056598e+02 +1.422056598e+02 -3.0207e+00 -8.4698e-01 +3.4106e+00 +1.1160e+00 +1.9643e+00 +2.8963e+00 -4.9494e+00 +1.9232e+00 +2.1634e-02 -1.1112e+00
% f evaluations | g evaluations | best noise-free fitness - Fopt | noise-free fitness - Fopt (-5.794000000000e+01) | measured fitness | best measured fitness | x1 | x2...
1 0 +1.147678309e+01 +1.147678309e+01 -4.646321691e+01 -4.646321691e+01 +0.0000e+00 +0.0000e+00 +0.0000e+00 +0.0000e+00 +0.0000e+00 +0.0000e+00 +0.0000e+00 +0.0000e+00 +0.0000e+00 +0.0000e+00
2 0 +8.128500714e+00 +8.128500714e+00 -4.981149929e+01 -4.981149929e+01 +4.4102e-01 -3.9255e+00 +3.5945e+00 -4.5567e-01 +3.3509e+00 +4.2837e+00 +3.9480e+00 +2.7385e+00 +2.9881e+00 +1.6569e+00
12 0 +4.919252350e+00 +4.919252350e+00 -5.302074765e+01 -5.302074765e+01 -4.9913e+00 +3.6786e+00 +1.8628e-02 +3.5007e+00 +2.2277e+00 +3.6534e+00 +2.4442e-01 -2.8179e-01 +2.3377e+00 -1.8880e+00
13 0 +2.768443360e+00 +2.768443360e+00 -5.517155664e+01 -5.517155664e+01 -4.3474e+00 +3.3452e+00 +4.7285e+00 +4.5484e+00 -4.2236e+00 -3.5317e-01 +3.4786e+00 -3.1176e+00 -4.3517e+00 +4.9734e+00
% f evaluations | g evaluations | best noise-free fitness - Fopt | noise-free fitness - Fopt (1.253900000000e+02) | measured fitness | best measured fitness | x1 | x2...
1 0 +1.698073339e+01 +1.698073339e+01 +1.423707334e+02 +1.423707334e+02 +0.0000e+00 +0.0000e+00 +0.0000e+00 +0.0000e+00 +0.0000e+00 +0.0000e+00 +0.0000e+00 +0.0000e+00 +0.0000e+00 +0.0000e+00
2 0 +5.653203556e+00 +5.653203556e+00 +1.310432036e+02 +1.310432036e+02 -4.5978e+00 -1.8619e+00 +4.2367e+00 -7.1720e-01 +2.3488e+00 -2.1760e+00 -2.9821e+00 -4.7147e+00 +4.9990e+00 +2.7060e+00
