% f evaluations | g evaluations | best noise-free fitness - Fopt | noise-free fitness - Fopt (-2.098800000000e+02) | measured fitness | best measured fitness | x1 | x2...
1 0 +1.100943907e+07 +1.100943907e+07 +1.100922919e+07 +1.100922919e+07 +0.0000e+00 +0.0000e+00 +0.0000e+00 +0.0000e+00 +0.0000e+00 +0.0000e+00 +0.0000e+00 +0.0000e+00 +0.0000e+00 +0.0000e+00 +0.0000e+00 +0.0000e+00 +0.0000e+00 +0.0000e+00 +0.0000e+00 +0.0000e+00 +0.0000e+00 +0.0000e+00 +0.0000e+00 +0.0000e+00
2 0 +7.439317467e+06 +7.439317467e+06 +7.439107587e+06 +7.439107587e+06 +3.6110e+00 -1.4144e+00 -2.0102e+00 -1.3530e+00 +2.9183e+00 -8.9432e-01 +1.5402e+00 +3.8312e+00 +4.6638e+00 +1.0887e+00 -4.2898e+00 +2.0096e+00 +2.2487e+00 +1.2880e+00 -1.1088e+00 -1.9154e+00 +3.8700e-01 +3.3606e+00 -2.9432e+00 -5.3267e-01
21 0 +6.609034771e+06 +6.609034771e+06 +6.608824891e+06 +6.608824891e+06 +3.7876e+00 -4.6486e+00 +5.5114e-01 +2.8883e+00 -8.3541e-01 +7.6657e-01 -2.1578e+00 +6.2999e-01 +6.5003e-01 +1.4700e-01 +3.5351e-01 +3.5107e+00 +1.2559e+00 +2.3942e+00 -2.3624e+00 -2.2126e+00 +9.4124e-01 +3.3048e+00 +7.0027e-01 +2.0998e+00
% f evaluations | g evaluations | best noise-free fitness - Fopt | noise-free fitness - Fopt (-9.209000000000e+01) | measured fitness | best measured fitness | x1 | x2...
1 0 +8.959149731e+06 +8.959149731e+06 +8.959057641e+06 +8.959057641e+06 +0.0000e+00 +0.0000e+00 +0.0000e+00 +0.0000e+00 +0.0000e+00 +0.0000e+00 +0.0000e+00 +0.0000e+00 +0.0000e+00 +0.0000e+00 +0.0000e+00 +0.0000e+00 +0.0000e+00 +0.0000e+00 +0.0000e+00 +0.0000e+00 +0.0000e+00 +0.0000e+00 +0.0000e+00 +0.0000e+00
4 0 +6.263040797e+06 +6.263040797e+06 +6.262948707e+06 +6.262948707e+06 +2.1946e+00 -7.4673e-01 +8.0111e-01 +4.9903e+00 +2.3056e+00 +2.1038e+00 +3.4832e+00 +3.9045e+00 -1.9964e+00 +1.8361e+00 -1.6807e+00 -4.1896e+00 +2.4738e+00 -3.3499e+00 -3.3970e+00 +3.5179e+00 -3.4117e+00 +2.7519e+00 +4.3377e+00 -4.9160e-01
16 0 +4.733154164e+06 +4.733154164e+06 +4.733062074e+06 +4.733062074e+06 +4.2139e+00 +2.9615e+00 +3.0159e+00 -7.9334e-01 -1.4242e+00 +4.7182e+00 -1.5653e-01 -9.4363e-01 -1.3489e+00 +1.8449e+00 +4.0391e+00 -3.4128e+00 -7.2833e-01 -9.0134e-01 +4.2259e+00 -3.3943e+00 -1.2370e+00 +2.0191e+00 +1.1141e+00 -1.3236e-02
17 0 +4.396777419e+06 +4.396777419e+06 +4.396685329e+06 +4.396685329e+06 -4.9487e+00 -1.9678e+00 +1.6477e+00 +3.6411e+00 -4.6433e+00 +2.8181e+00 +1.3765e-01 -8.9550e-01 +2.4799e-01 -4.3970e+00 -3.6150e+00 -9.5064e-02 +2.1586e+00 -4.6562e+00 +4.8089e-01 -1.4545e+00 -4.7328e+00 +3.3921e-02 +1.9063e+00 -9.2958e-01
% f evaluations | g evaluations | best noise-free fitness - Fopt | noise-free fitness - Fopt (-8.789000000000e+01) | measured fitness | best measured fitness | x1 | x2...
1 0 +1.191113545e+07 +1.191113545e+07 +1.191104756e+07 +1.191104756e+07 +0.0000e+00 +0.0000e+00 +0.0000e+00 +0.0000e+00 +0.0000e+00 +0.0000e+00 +0.0000e+00 +0.0000e+00 +0.0000e+00 +0.0000e+00 +0.0000e+00 +0.0000e+00 +0.0000e+00 +0.0000e+00 +0.0000e+00 +0.0000e+00 +0.0000e+00 +0.0000e+00 +0.0000e+00 +0.0000e+00
7 0 +4.843815252e+06 +4.843815252e+06 +4.843727362e+06 +4.843727362e+06 +1.5176e+00 +2.4397e+00 +3.1096e+00 +4.3284e+00 +1.1744e+00 -9.9939e-01 -2.4976e+00 +2.3285e-01 -2.4008e+00 -2.8903e+00 -1.8636e+00 -3.4804e+00 -1.5298e+00 -3.9740e+00 +1.9315e+00 +3.4016e+00 +3.5835e+00 +1.3224e+00 -1.0164e+00 +2.7514e+00
25 0 +4.090516498e+06 +4.090516498e+06 +4.090428608e+06 +4.090428608e+06 +3.1666e-02 -4.3501e+00 +7.4965e-01 -2.4210e+00 +1.4558e+00 -4.3095e+00 +4.7151e+00 -1.3709e+00 +4.2814e+00 +2.1226e+00 -1.5542e+00 -3.7095e+00 -3.7899e+00 +3.0056e+00 -3.1551e+00 +4.2355e+00 +1.2786e-01 +4.4408e+00 -2.1862e+00 +3.8562e+00
% f evaluations | g evaluations | best noise-free fitness - Fopt | noise-free fitness - Fopt (3.201900000000e+02) | measured fitness | best measured fitness | x1 | x2...
1 0 +7.207873542e+06 +7.207873542e+06 +7.208193732e+06 +7.208193732e+06 +0.0000e+00 +0.0000e+00 +0.0000e+00 +0.0000e+00 +0.0000e+00 +0.0000e+00 +0.0000e+00 +0.0000e+00 +0.0000e+00 +0.0000e+00 +0.0000e+00 +0.0000e+00 +0.0000e+00 +0.0000e+00 +0.0000e+00 +0.0000e+00 +0.0000e+00 +0.0000e+00 +0.0000e+00 +0.0000e+00
3 0 +7.105426798e+06 +7.105426798e+06 +7.105746988e+06 +7.105746988e+06 -1.5639e+00 +3.0548e+00 +7.9928e-01 +2.8916e+00 -1.3856e+00 +2.8320e+00 +1.4281e+00 -1.9065e+00 +3.3201e+00 +4.9772e+00 -2.4901e+00 +1.3667e+00 +3.6293e+00 +4.0346e+00 +1.9925e+00 -4.5862e-01 +2.6425e+00 +4.8281e+00 +4.0187e+00 +3.5586e-01
12 0 +6.855361083e+06 +6.855361083e+06 +6.855681273e+06 +6.855681273e+06 +3.3051e+00 -9.0575e-01 -4.3983e+00 +4.7784e+00 -2.5507e+00 -1.0270e+00 -1.7954e+00 -2.7790e+00 -6.9786e-01 -4.1182e+00 +3.8430e+00 -2.8043e+00 +3.4108e+00 -4.4861e+00 +1.3982e+00 +1.0562e+00 -1.9162e+00 -2.6006e+00 +1.3999e+00 +1.4362e+00
24 0 +3.686404360e+06 +3.686404360e+06 +3.686724550e+06 +3.686724550e+06 -8.8389e-01 +9.5631e-01 +3.0873e+00 +4.1348e+00 +4.0329e+00 -1.8015e-01 -2.5394e+00 -2.5047e-01 +2.0145e+00 -1.5393e+00 -2.5361e+00 +3.7040e+00 -1.6623e+00 -3.7996e+00 +1.0145e+00 +6.5244e-01 +3.9185e+00 -1.4347e+00 +4.0323e-01 +1.6073e+00
% f evaluations | g evaluations | best noise-free fitness - Fopt | noise-free fitness - Fopt (-1.042400000000e+02) | measured fitness | best measured fitness | x1 | x2...
1 0 +2.003073598e+07 +2.003073598e+07 +2.003063174e+07 +2.003063174e+07 +0.0000e+00 +0.0000e+00 +0.0000e+00 +0.0000e+00 +0.0000e+00 +0.0000e+00 +0.0000e+00 +0.0000e+00 +0.0000e+00 +0.0000e+00 +0.0000e+00 +0.0000e+00 +0.0000e+00 +0.0000e+00 +0.0000e+00 +0.0000e+00 +0.0000e+00 +0.0000e+00 +0.0000e+00 +0.0000e+00
2 0 +4.042145120e+06 +4.042145120e+06 +4.042040880e+06 +4.042040880e+06 +2.8979e+00 +1.1610e+00 -1.3570e+00 +1.6304e+00 -4.0075e+00 +3.7152e+00 +2.9416e+00 +2.7314e+00 -4.9784e+00 -2.0597e+00 -4.3829e+00 -4.5317e+00 +9.8396e-01 +1.3779e+00 +4.3779e+00 +1.1248e+00 +1.7888e+00 -9.5962e-01 -7.4670e-01 -4.6812e+00
% f evaluations | g evaluations | best noise-free fitness - Fopt | noise-free fitness - Fopt (-6.785000000000e+01) | measured fitness | best measured fitness | x1 | x2...
1 0 +1.555430008e+07 +1.555430008e+07 +1.555423223e+07 +1.555423223e+07 +0.0000e+00 +0.0000e+00 +0.0000e+00 +0.0000e+00 +0.0000e+00 +0.0000e+00 +0.0000e+00 +0.0000e+00 +0.0000e+00 +0.0000e+00 +0.0000e+00 +0.0000e+00 +0.0000e+00 +0.0000e+00 +0.0000e+00 +0.0000e+00 +0.0000e+00 +0.0000e+00 +0.0000e+00 +0.0000e+00
2 0 +3.944810233e+06 +3.944810233e+06 +3.944742383e+06 +3.944742383e+06 +7.3698e-01 +2.0633e+00 -4.8850e+00 -4.4083e+00 +2.8295e+00 +3.2798e+00 -1.0238e+00 -3.6504e+00 -7.3398e-01 -4.7907e+00 -2.4709e+00 +1.1123e+00 +1.7466e+00 +6.8297e-01 -1.3913e+00 -1.5669e+00 +3.0751e+00 -2.4472e+00 +4.3818e+00 +3.3892e+00
28 0 +3.274593581e+06 +3.274593581e+06 +3.274525731e+06 +3.274525731e+06 -1.8652e+00 -2.8541e+00 +5.8383e-01 +2.7150e-01 -4.2551e+00 +1.4968e+00 +3.9120e+00 +6.7690e-01 -2.6319e+00 +2.3992e+00 +2.2383e+00 -3.0060e+00 -2.3491e+00 +3.5137e+00 +7.1330e-03 -2.0826e-02 +5.1910e-01 -3.8248e-01 +4.3056e+00 +2.0999e+00
% f evaluations | g evaluations | best noise-free fitness - Fopt | noise-free fitness - Fopt (-3.639800000000e+02) | measured fitness | best measured fitness | x1 | x2...
1 0 +1.219789761e+07 +1.219789761e+07 +1.219753363e+07 +1.219753363e+07 +0.0000e+00 +0.0000e+00 +0.0000e+00 +0.0000e+00 +0.0000e+00 +0.0000e+00 +0.0000e+00 +0.0000e+00 +0.0000e+00 +0.0000e+00 +0.0000e+00 +0.0000e+00 +0.0000e+00 +0.0000e+00 +0.0000e+00 +0.0000e+00 +0.0000e+00 +0.0000e+00 +0.0000e+00 +0.0000e+00
4 0 +9.144514802e+06 +9.144514802e+06 +9.144150822e+06 +9.144150822e+06 -4.0714e+00 -2.0759e+00 -4.3109e+00 +3.5830e+00 -2.4937e-01 +2.1622e+00 +3.5662e+00 -3.6281e+00 +2.5259e+00 -1.1338e+00 -2.6537e+00 +7.3450e-01 -1.9702e+00 +1.3535e+00 +3.6235e+00 -4.6404e+00 -4.5652e+00 -2.8634e-01 -3.4393e+00 +3.2732e+00
28 0 +6.361997607e+06 +6.361997607e+06 +6.361633627e+06 +6.361633627e+06 +7.4239e-01 +3.2976e+00 -2.3549e+00 -3.5646e+00 -7.6332e-01 -1.3166e+00 +3.8864e-01 -4.7126e+00 -5.4930e-04 +4.0292e+00 -2.9239e-01 +3.7932e+00 -2.9327e+00 -9.2959e-01 -2.7375e+00 +8.0611e-01 -2.3760e+00 +2.1954e-01 -1.2833e+00 +4.4265e+00
34 0 +6.197966283e+06 +6.197966283e+06 +6.197602303e+06 +6.197602303e+06 -4.3826e+00 +2.7444e+00 -2.8146e+00 -4.8267e+00 +1.2130e+00 +1.9418e+00 -1.3227e+00 -1.5725e-02 +3.8348e-01 +3.0661e+00 -3.5301e-03 +1.6142e+00 -1.6484e+00 -2.9748e+00 -1.5948e+00 +8.3276e-01 -8.4194e-01 +3.2756e+00 +1.7212e+00 +1.4973e+00
% f evaluations | g evaluations | best noise-free fitness - Fopt | noise-free fitness - Fopt (-1.865000000000e+01) | measured fitness | best measured fitness | x1 | x2...
1 0 +3.962149386e+06 +3.962149386e+06 +3.962130736e+06 +3.962130736e+06 +0.0000e+00 +0.0000e+00 +0.0000e+00 +0.0000e+00 +0.0000e+00 +0.0000e+00 +0.0000e+00 +0.0000e+00 +0.0000e+00 +0.0000e+00 +0.0000e+00 +0.0000e+00 +0.0000e+00 +0.0000e+00 +0.0000e+00 +0.0000e+00 +0.0000e+00 +0.0000e+00 +0.0000e+00 +0.0000e+00
29 0 +1.684340127e+06 +1.684340127e+06 +1.684321477e+06 +1.684321477e+06 -3.6016e+00 +3.4397e-01 +1.0367e+00 -4.0932e+00 -1.5601e+00 -3.0553e+00 -2.1191e+00 +3.9294e+00 +3.5333e+00 -2.8561e+00 -2.0174e+00 -3.6214e+00 -2.6915e+00 +2.0205e+00 +2.8182e+00 -9.4401e-01 +4.4369e+00 -3.4437e+00 -1.5099e+00 +1.2305e+00
% f evaluations | g evaluations | best noise-free fitness - Fopt | noise-free fitness - Fopt (1.749200000000e+02) | measured fitness | best measured fitness | x1 | x2...
1 0 +1.748151357e+07 +1.748151357e+07 +1.748168849e+07 +1.748168849e+07 +0.0000e+00 +0.0000e+00 +0.0000e+00 +0.0000e+00 +0.0000e+00 +0.0000e+00 +0.0000e+00 +0.0000e+00 +0.0000e+00 +0.0000e+00 +0.0000e+00 +0.0000e+00 +0.0000e+00 +0.0000e+00 +0.0000e+00 +0.0000e+00 +0.0000e+00 +0.0000e+00 +0.0000e+00 +0.0000e+00
2 0 +1.007637604e+07 +1.007637604e+07 +1.007655096e+07 +1.007655096e+07 -4.8528e+00 -3.9211e+00 -1.2882e-01 +1.9802e+00 +1.6169e+00 +4.6129e+00 -4.5666e+00 +3.1841e+00 +2.5733e+00 +2.4529e+00 -2.1019e+00 +3.6202e+00 +4.9228e-01 +4.8743e+00 +1.3744e+00 +9.1170e-01 +2.3968e-01 -1.4359e+00 -2.2791e+00 -4.4812e+00
8 0 +9.630293080e+06 +9.630293080e+06 +9.630468000e+06 +9.630468000e+06 +3.0088e+00 -1.1949e+00 -1.1610e+00 -4.3127e+00 +1.6554e+00 -2.4504e+00 -2.7928e+00 -2.4993e+00 -4.3644e+00 -1.3410e+00 -4.1473e+00 +4.1747e+00 -1.9123e+00 -3.8460e+00 +1.0248e+00 +4.6924e+00 -2.4837e+00 +9.3289e-01 +1.6021e+00 -4.9748e+00
16 0 +4.257960555e+06 +4.257960555e+06 +4.258135475e+06 +4.258135475e+06 +4.5520e-01 +3.6151e+00 -4.5511e+00 +3.9484e-01 +7.0882e-01 +3.3951e+00 +1.2327e+00 +4.2201e+00 +2.9825e+00 -1.1373e+00 +3.0389e+00 -2.4950e+00 -4.3620e+00 -4.1211e+00 +3.3804e+00 +4.0686e+00 +4.0813e+00 -4.4763e-02 +3.4358e-01 -2.8991e+00
% f evaluations | g evaluations | best noise-free fitness - Fopt | noise-free fitness - Fopt (-5.659600000000e+02) | measured fitness | best measured fitness | x1 | x2...
1 0 +7.741443723e+06 +7.741443723e+06 +7.740877763e+06 +7.740877763e+06 +0.0000e+00 +0.0000e+00 +0.0000e+00 +0.0000e+00 +0.0000e+00 +0.0000e+00 +0.0000e+00 +0.0000e+00 +0.0000e+00 +0.0000e+00 +0.0000e+00 +0.0000e+00 +0.0000e+00 +0.0000e+00 +0.0000e+00 +0.0000e+00 +0.0000e+00 +0.0000e+00 +0.0000e+00 +0.0000e+00
7 0 +3.412428680e+06 +3.412428680e+06 +3.411862720e+06 +3.411862720e+06 -7.0629e-01 +1.6831e+00 +8.2742e-01 +4.2402e+00 -1.2851e+00 -8.2023e-01 +3.4472e+00 +1.2295e+00 -5.8865e-01 +3.8806e+00 -2.0104e+00 -2.7971e+00 -2.6469e+00 +2.1469e+00 -1.2287e+00 -2.5010e+00 -1.0814e+00 +1.3637e-01 +3.1183e+00 +1.5000e+00
% f evaluations | g evaluations | best noise-free fitness - Fopt | noise-free fitness - Fopt (7.095000000000e+01) | measured fitness | best measured fitness | x1 | x2...
1 0 +7.853265272e+06 +7.853265272e+06 +7.853336222e+06 +7.853336222e+06 +0.0000e+00 +0.0000e+00 +0.0000e+00 +0.0000e+00 +0.0000e+00 +0.0000e+00 +0.0000e+00 +0.0000e+00 +0.0000e+00 +0.0000e+00 +0.0000e+00 +0.0000e+00 +0.0000e+00 +0.0000e+00 +0.0000e+00 +0.0000e+00 +0.0000e+00 +0.0000e+00 +0.0000e+00 +0.0000e+00
14 0 +7.416414684e+06 +7.416414684e+06 +7.416485634e+06 +7.416485634e+06 -5.0100e-02 +3.1898e+00 +3.5632e+00 -1.0161e+00 -2.5824e+00 +4.4310e+00 -4.4757e-02 +2.1410e+00 -2.7396e+00 +3.9305e+00 +4.0119e+00 +1.4424e+00 +5.4395e-01 +4.4295e+00 +1.0817e+00 -1.1760e+00 +6.4634e-01 -3.1858e-01 -6.1484e-01 +2.7352e-01
23 0 +4.543666622e+06 +4.543666622e+06 +4.543737572e+06 +4.543737572e+06 +2.6723e+00 -3.4941e+00 -3.7926e+00 -2.1607e+00 -4.4876e+00 +1.7541e+00 +3.0060e-01 -3.9906e-01 -4.7787e+00 +2.0063e+00 -4.3844e+00 +3.2937e+00 -5.8469e-02 -3.7007e+00 -2.8396e+00 +2.2334e+00 +3.4684e+00 +5.6277e-01 +5.6359e-01 +2.6870e+00
30 0 +3.911030881e+06 +3.911030881e+06 +3.911101831e+06 +3.911101831e+06 +4.6024e+00 +2.9271e+00 -4.5841e+00 -4.8924e+00 -1.5251e+00 -4.6863e+00 +1.2269e+00 +6.8173e-01 -1.3280e+00 -4.6533e+00 +4.7111e+00 -3.1221e+00 -1.7990e+00 +2.1472e+00 -2.9639e+00 -2.2291e+00 +2.1864e+00 -2.6889e-01 -9.7648e-01 +2.9830e+00
32 0 +2.012043992e+06 +2.012043992e+06 +2.012114942e+06 +2.012114942e+06 -4.0398e+00 +6.3840e-01 +9.8561e-01 -2.3804e+00 -5.0118e-01 +3.8427e+00 +1.9318e+00 +1.3190e+00 +2.8700e+00 -4.1434e+00 -4.3580e+00 +2.5578e+00 +4.4908e+00 +1.8611e+00 -4.2809e+00 -4.1535e+00 +3.4727e+00 +4.2311e+00 -1.9795e+00 +2.2371e+00
% f evaluations | g evaluations | best noise-free fitness - Fopt | noise-free fitness - Fopt (4.728000000000e+01) | measured fitness | best measured fitness | x1 | x2...
1 0 +4.050440331e+06 +4.050440331e+06 +4.050487611e+06 +4.050487611e+06 +0.0000e+00 +0.0000e+00 +0.0000e+00 +0.0000e+00 +0.0000e+00 +0.0000e+00 +0.0000e+00 +0.0000e+00 +0.0000e+00 +0.0000e+00 +0.0000e+00 +0.0000e+00 +0.0000e+00 +0.0000e+00 +0.0000e+00 +0.0000e+00 +0.0000e+00 +0.0000e+00 +0.0000e+00 +0.0000e+00
% f evaluations | g evaluations | best noise-free fitness - Fopt | noise-free fitness - Fopt (-5.688800000000e+02) | measured fitness | best measured fitness | x1 | x2...
1 0 +1.071639922e+07 +1.071639922e+07 +1.071583034e+07 +1.071583034e+07 +0.0000e+00 +0.0000e+00 +0.0000e+00 +0.0000e+00 +0.0000e+00 +0.0000e+00 +0.0000e+00 +0.0000e+00 +0.0000e+00 +0.0000e+00 +0.0000e+00 +0.0000e+00 +0.0000e+00 +0.0000e+00 +0.0000e+00 +0.0000e+00 +0.0000e+00 +0.0000e+00 +0.0000e+00 +0.0000e+00
3 0 +6.633538643e+06 +6.633538643e+06 +6.632969763e+06 +6.632969763e+06 +4.7739e+00 +3.3098e+00 +4.6282e+00 +3.8647e+00 -4.9285e+00 -2.9409e+00 -1.0763e-01 +3.7023e+00 +1.3489e+00 +3.6008e+00 -3.0227e+00 +4.6835e+00 +1.1884e+00 +4.6604e-01 -4.7796e+00 +2.7573e+00 -9.9818e-01 -2.2373e+00 +4.7637e+00 +5.6243e-01
6 0 +3.232873031e+06 +3.232873031e+06 +3.232304151e+06 +3.232304151e+06 -4.3107e+00 -3.0195e+00 -9.6289e-01 -4.1309e+00 -1.2952e+00 +1.9883e+00 +1.8956e+00 -2.2446e+00 -1.9577e+00 -2.0718e+00 +1.2491e-01 +4.3146e+00 -3.8744e+00 +1.5114e+00 -4.4610e+00 +2.5657e+00 +3.5066e+00 +6.1368e-01 +3.8712e+00 -1.1088e+00
% f evaluations | g evaluations | best noise-free fitness - Fopt | noise-free fitness - Fopt (2.069000000000e+01) | measured fitness | best measured fitness | x1 | x2...
1 0 +9.372047202e+06 +9.372047202e+06 +9.372067892e+06 +9.372067892e+06 +0.0000e+00 +0.0000e+00 +0.0000e+00 +0.0000e+00 +0.0000e+00 +0.0000e+00 +0.0000e+00 +0.0000e+00 +0.0000e+00 +0.0000e+00 +0.0000e+00 +0.0000e+00 +0.0000e+00 +0.0000e+00 +0.0000e+00 +0.0000e+00 +0.0000e+00 +0.0000e+00 +0.0000e+00 +0.0000e+00
4 0 +7.143537489e+06 +7.143537489e+06 +7.143558179e+06 +7.143558179e+06 +7.9454e-01 +1.1532e+00 -3.6783e-01 +3.5603e+00 +4.6000e+00 -3.8783e+00 -2.3359e+00 +3.5081e-01 +3.1678e+00 -2.9666e+00 -3.3024e+00 +2.5895e+00 -2.1763e+00 -7.1983e-01 -9.4397e-01 -1.6607e+00 -5.9943e-01 -1.0927e+00 +4.4047e+00 -3.6684e+00
6 0 +5.400708459e+06 +5.400708459e+06 +5.400729149e+06 +5.400729149e+06 +3.1733e+00 -3.7428e+00 -1.4397e+00 -4.1959e+00 -4.5371e+00 +1.2038e+00 -4.8086e+00 +4.9961e+00 -4.3980e+00 +1.1802e+00 -6.7146e-01 -4.1297e+00 +9.9767e-01 -4.4498e+00 -4.1369e+00 +1.4657e+00 +2.6716e+00 +4.1359e+00 +3.4832e+00 -2.9147e+00
27 0 +3.739767906e+06 +3.739767906e+06 +3.739788596e+06 +3.739788596e+06 -2.3752e+00 +1.9130e+00 -3.1479e+00 +3.4984e+00 +1.8174e+00 -2.0186e+00 +3.6687e-02 +4.2824e+00 -1.1709e+00 -3.1955e+00 +4.7108e+00 +2.8010e+00 -1.6851e+00 -4.6907e+00 -4.6733e+00 +1.8332e+00 +4.5565e+00 +9.3461e-01 +1.1672e+00 -1.6206e+00
% f evaluations | g evaluations | best noise-free fitness - Fopt | noise-free fitness - Fopt (5.616700000000e+02) | measured fitness | best measured fitness | x1 | x2...
1 0 +1.979922773e+07 +1.979922773e+07 +1.979978940e+07 +1.979978940e+07 +0.0000e+00 +0.0000e+00 +0.0000e+00 +0.0000e+00 +0.0000e+00 +0.0000e+00 +0.0000e+00 +0.0000e+00 +0.0000e+00 +0.0000e+00 +0.0000e+00 +0.0000e+00 +0.0000e+00 +0.0000e+00 +0.0000e+00 +0.0000e+00 +0.0000e+00 +0.0000e+00 +0.0000e+00 +0.0000e+00
2 0 +3.838226437e+06 +3.838226437e+06 +3.838788107e+06 +3.838788107e+06 -1.8534e+00 +5.9342e-01 +4.4983e-01 +3.4856e+00 +9.3441e-01 +1.3180e+00 -1.7765e+00 -1.1555e+00 -1.1913e+00 -3.9253e+00 +2.5906e+00 +7.9665e-01 +4.2577e+00 +4.7406e+00 +2.8101e+00 +2.2142e+00 +2.0711e+00 +5.9991e-02 -2.1432e+00 -3.2012e+00
29 0 +2.701789186e+06 +2.701789186e+06 +2.702350856e+06 +2.702350856e+06 -1.5414e-01 -2.2051e+00 +1.8843e-01 -3.7138e+00 -1.0093e+00 -1.7881e+00 +4.0077e-01 +4.3815e+00 +2.2053e-01 +1.4368e+00 +1.9784e+00 +4.1974e+00 -4.3749e+00 -1.4212e+00 +2.3977e-01 +1.9141e+00 +2.3087e+00 +4.2548e+00 -4.6410e+00 -3.4487e+00
