% f evaluations | g evaluations | best noise-free fitness - Fopt | noise-free fitness - Fopt (7.135000000000e+01) | measured fitness | best measured fitness | x1 | x2...
1 0 +7.357246449e+01 +7.357246449e+01 +1.449224645e+02 +1.449224645e+02 +0.0000e+00 +0.0000e+00 +0.0000e+00 +0.0000e+00 +0.0000e+00 +0.0000e+00 +0.0000e+00 +0.0000e+00 +0.0000e+00 +0.0000e+00 +0.0000e+00 +0.0000e+00 +0.0000e+00 +0.0000e+00 +0.0000e+00 +0.0000e+00 +0.0000e+00 +0.0000e+00 +0.0000e+00 +0.0000e+00
6 0 +5.795725949e+01 +5.795725949e+01 +1.293072595e+02 +1.293072595e+02 +7.2384e-01 +4.6779e+00 -4.7662e+00 -2.0772e+00 -4.5409e-01 -2.1954e+00 +3.8198e+00 -7.3461e-01 -4.8484e+00 -9.5677e-01 +3.4455e+00 -3.0671e+00 +3.9378e+00 +2.1712e+00 -1.3623e+00 +7.9147e-01 -2.4205e-01 -2.8172e+00 -3.2936e+00 +5.0576e-01
14 0 +3.774113701e+01 +3.774113701e+01 +1.090911370e+02 +1.090911370e+02 -1.9793e+00 -5.1123e-01 -1.9680e+00 +3.5663e+00 -4.5602e+00 +1.5158e+00 +3.5955e+00 +4.9287e+00 +2.3441e+00 -2.5188e+00 +2.9596e+00 +4.9749e+00 -2.6577e+00 -3.7904e+00 -9.0497e-01 -3.6046e+00 +3.1561e+00 +4.7723e+00 -4.5100e+00 +2.1082e+00
% f evaluations | g evaluations | best noise-free fitness - Fopt | noise-free fitness - Fopt (-3.552200000000e+02) | measured fitness | best measured fitness | x1 | x2...
1 0 +6.508868155e+01 +6.508868155e+01 -2.901313185e+02 -2.901313185e+02 +0.0000e+00 +0.0000e+00 +0.0000e+00 +0.0000e+00 +0.0000e+00 +0.0000e+00 +0.0000e+00 +0.0000e+00 +0.0000e+00 +0.0000e+00 +0.0000e+00 +0.0000e+00 +0.0000e+00 +0.0000e+00 +0.0000e+00 +0.0000e+00 +0.0000e+00 +0.0000e+00 +0.0000e+00 +0.0000e+00
9 0 +4.854061011e+01 +4.854061011e+01 -3.066793899e+02 -3.066793899e+02 -3.8969e+00 -3.3590e+00 -2.4152e+00 -3.9907e+00 -3.3956e+00 +3.3686e+00 -3.8511e+00 -4.0763e+00 +6.4177e-01 -2.4667e+00 -4.7429e+00 -1.5724e+00 +5.1241e-01 -4.5154e+00 +3.5494e+00 -4.7827e+00 +1.1478e+00 -3.4422e+00 -1.3675e+00 -4.2318e+00
10 0 +4.239441550e+01 +4.239441550e+01 -3.128255845e+02 -3.128255845e+02 -6.7290e-02 +5.1963e-01 -2.2144e+00 -2.7127e+00 +4.6809e+00 -2.6460e+00 +4.4148e+00 +1.1846e+00 +3.4573e+00 -2.2559e+00 +3.4230e+00 -4.9428e+00 -1.1632e+00 -6.4948e-01 +1.1898e+00 -2.2211e+00 -2.6752e-01 -1.5585e+00 +3.4159e+00 -4.7213e+00
27 0 +4.139985808e+01 +4.139985808e+01 -3.138201419e+02 -3.138201419e+02 -3.5022e+00 -2.5440e+00 +4.5105e+00 -2.1112e+00 +4.1594e+00 -4.1280e+00 +3.0920e+00 +3.2491e+00 +3.6453e+00 -2.2254e+00 +3.0864e+00 +4.6594e+00 -2.4769e+00 -9.9441e-01 -1.8566e-01 +3.2705e+00 +3.0436e+00 -3.1347e-01 -3.0621e+00 +4.1560e+00
% f evaluations | g evaluations | best noise-free fitness - Fopt | noise-free fitness - Fopt (9.917000000000e+01) | measured fitness | best measured fitness | x1 | x2...
1 0 +6.985921835e+01 +6.985921835e+01 +1.690292183e+02 +1.690292183e+02 +0.0000e+00 +0.0000e+00 +0.0000e+00 +0.0000e+00 +0.0000e+00 +0.0000e+00 +0.0000e+00 +0.0000e+00 +0.0000e+00 +0.0000e+00 +0.0000e+00 +0.0000e+00 +0.0000e+00 +0.0000e+00 +0.0000e+00 +0.0000e+00 +0.0000e+00 +0.0000e+00 +0.0000e+00 +0.0000e+00
5 0 +6.270436784e+01 +6.270436784e+01 +1.618743678e+02 +1.618743678e+02 -1.7186e+00 -2.9087e+00 +4.4488e+00 +4.5116e+00 -2.9380e+00 +1.6180e+00 +3.1212e+00 +4.9041e+00 -1.7966e+00 -2.4728e+00 -4.5131e+00 -8.0495e-01 +4.5133e+00 +4.8532e+00 +3.3262e+00 +4.0558e+00 +2.8313e+00 +1.6842e+00 +1.9876e+00 +3.5271e+00
22 0 +5.574118403e+01 +5.574118403e+01 +1.549111840e+02 +1.549111840e+02 +2.6105e+00 -4.9771e+00 +1.8562e+00 -4.2961e+00 +1.4459e+00 +1.8576e+00 +4.7159e+00 +3.3129e+00 +2.3989e+00 -4.1040e+00 +2.4412e+00 +4.2871e+00 -1.4425e+00 +3.7779e+00 -7.4941e-01 -1.6846e+00 +4.1809e+00 +3.4153e+00 -2.0077e+00 +4.1540e+00
% f evaluations | g evaluations | best noise-free fitness - Fopt | noise-free fitness - Fopt (-5.179100000000e+02) | measured fitness | best measured fitness | x1 | x2...
1 0 +6.469127597e+01 +6.469127597e+01 -4.532187240e+02 -4.532187240e+02 +0.0000e+00 +0.0000e+00 +0.0000e+00 +0.0000e+00 +0.0000e+00 +0.0000e+00 +0.0000e+00 +0.0000e+00 +0.0000e+00 +0.0000e+00 +0.0000e+00 +0.0000e+00 +0.0000e+00 +0.0000e+00 +0.0000e+00 +0.0000e+00 +0.0000e+00 +0.0000e+00 +0.0000e+00 +0.0000e+00
14 0 +5.382815419e+01 +5.382815419e+01 -4.640818458e+02 -4.640818458e+02 -3.5673e+00 -3.5696e+00 -3.8692e-01 +1.1456e+00 -2.9980e+00 -1.5251e+00 -3.9207e+00 -4.7961e+00 +1.2149e+00 -2.8116e+00 +9.2655e-01 -1.2232e+00 -2.8284e-01 +2.8177e+00 +4.8139e+00 +2.2928e+00 -2.8940e+00 +4.3589e+00 +4.1442e-01 -3.2034e+00
17 0 +4.892774353e+01 +4.892774353e+01 -4.689822565e+02 -4.689822565e+02 +4.1251e+00 +2.1544e+00 -1.7904e+00 +1.2268e-02 +3.0072e+00 +2.2202e+00 +4.5581e+00 +4.6884e+00 -3.2083e+00 -3.0380e+00 -4.5498e+00 +2.2610e-01 -3.7608e+00 +3.4112e+00 -4.6354e+00 -3.3140e+00 -1.7085e+00 -1.8486e+00 +2.2058e+00 -4.9017e+00
20 0 +4.063679243e+01 +4.063679243e+01 -4.772732076e+02 -4.772732076e+02 -1.2294e+00 -1.7802e+00 -4.7003e+00 -1.3640e+00 -4.9414e+00 -3.9955e+00 +2.9177e+00 -3.4609e+00 -1.7504e+00 -3.7796e+00 +3.8105e+00 +2.2296e+00 +2.4220e+00 -3.0506e+00 +6.2355e-01 -5.7626e-01 +3.7114e+00 +7.9477e-01 +4.1509e-01 -1.7493e+00
% f evaluations | g evaluations | best noise-free fitness - Fopt | noise-free fitness - Fopt (-5.721000000000e+01) | measured fitness | best measured fitness | x1 | x2...
1 0 +8.082507635e+01 +8.082507635e+01 +2.361507635e+01 +2.361507635e+01 +0.0000e+00 +0.0000e+00 +0.0000e+00 +0.0000e+00 +0.0000e+00 +0.0000e+00 +0.0000e+00 +0.0000e+00 +0.0000e+00 +0.0000e+00 +0.0000e+00 +0.0000e+00 +0.0000e+00 +0.0000e+00 +0.0000e+00 +0.0000e+00 +0.0000e+00 +0.0000e+00 +0.0000e+00 +0.0000e+00
4 0 +7.682461617e+01 +7.682461617e+01 +1.961461617e+01 +1.961461617e+01 +4.7003e+00 -1.0657e+00 +3.5238e-01 -3.4475e+00 -3.7663e+00 +2.5335e+00 -2.3637e+00 +1.3119e+00 -4.6372e+00 +4.1664e+00 -2.3291e+00 -3.1665e+00 -3.9755e+00 +8.5733e-02 -4.6972e+00 -6.6375e-01 -3.3366e+00 -3.8786e+00 +1.4558e+00 +9.2066e-01
6 0 +5.577714939e+01 +5.577714939e+01 -1.432850613e+00 -1.432850613e+00 +1.0637e+00 -2.1229e+00 +1.0667e+00 -4.7137e+00 +2.8445e+00 +1.2513e+00 -4.1063e+00 +2.7876e+00 +1.8113e+00 -1.2510e+00 +4.8845e+00 +3.5733e-01 +3.6886e+00 +7.3034e-02 +4.4683e+00 -2.9921e+00 -1.1546e+00 +4.1988e+00 -2.5128e+00 +9.3989e-01
22 0 +4.517383560e+01 +4.517383560e+01 -1.203616440e+01 -1.203616440e+01 -3.6916e+00 -5.3017e-01 -2.0652e-01 +1.7334e+00 -4.9906e+00 +8.6060e-01 -2.6635e+00 -4.4770e+00 +3.0542e+00 -4.8067e+00 +1.9626e-01 +2.7989e+00 +3.9949e-02 -4.0507e+00 +3.6764e+00 -1.3515e+00 -3.7242e+00 +2.2102e+00 -3.7655e+00 +1.2249e+00
32 0 +4.235440828e+01 +4.235440828e+01 -1.485559172e+01 -1.485559172e+01 -3.8728e+00 +4.5933e+00 -1.6046e+00 +2.6999e+00 -2.3565e+00 +3.4377e-01 -2.9847e+00 -9.3697e-01 +2.8813e+00 -1.5826e+00 +9.4056e-01 +1.9702e+00 -3.9118e+00 -2.3551e+00 +4.9233e+00 +3.7534e+00 +4.6535e+00 +4.7861e+00 -3.1657e+00 -1.6756e+00
% f evaluations | g evaluations | best noise-free fitness - Fopt | noise-free fitness - Fopt (6.626000000000e+01) | measured fitness | best measured fitness | x1 | x2...
1 0 +8.426409085e+01 +8.426409085e+01 +1.505240909e+02 +1.505240909e+02 +0.0000e+00 +0.0000e+00 +0.0000e+00 +0.0000e+00 +0.0000e+00 +0.0000e+00 +0.0000e+00 +0.0000e+00 +0.0000e+00 +0.0000e+00 +0.0000e+00 +0.0000e+00 +0.0000e+00 +0.0000e+00 +0.0000e+00 +0.0000e+00 +0.0000e+00 +0.0000e+00 +0.0000e+00 +0.0000e+00
2 0 +7.353212734e+01 +7.353212734e+01 +1.397921273e+02 +1.397921273e+02 -3.0641e+00 -2.1164e+00 +1.4094e+00 -5.8225e-01 -2.7258e+00 +8.3173e-01 +1.8093e+00 +1.7856e+00 -7.2264e-01 -4.8679e+00 +3.4928e+00 -4.7385e+00 -1.1200e+00 -4.3894e+00 +7.4472e-02 -3.4834e+00 +2.7186e+00 +4.8441e+00 +3.5984e+00 +3.8260e+00
5 0 +5.378850432e+01 +5.378850432e+01 +1.200485043e+02 +1.200485043e+02 +6.0909e-01 -4.5680e+00 -2.7298e+00 +1.1791e+00 +3.7339e+00 -2.7058e+00 -4.7413e+00 -3.5913e+00 +3.2778e+00 -2.0806e+00 -4.8367e+00 -3.5449e+00 +2.5593e+00 -1.8281e+00 -4.0716e+00 +3.0998e-01 +2.5077e+00 +2.9635e+00 -2.2233e+00 -2.5661e+00
13 0 +4.966542558e+01 +4.966542558e+01 +1.159254256e+02 +1.159254256e+02 +2.9399e+00 +4.8954e+00 +1.4986e-01 +1.5766e+00 -4.1640e+00 +4.9263e-01 +3.9609e+00 +1.5113e+00 -4.4440e+00 +3.0337e+00 -1.9890e+00 -1.2590e+00 +3.7026e+00 +9.3631e-01 +2.3793e+00 +3.0468e+00 -3.0512e+00 -3.6997e+00 +1.0286e+00 -1.3159e+00
% f evaluations | g evaluations | best noise-free fitness - Fopt | noise-free fitness - Fopt (-1.386200000000e+02) | measured fitness | best measured fitness | x1 | x2...
1 0 +1.214025725e+02 +1.214025725e+02 -1.721742746e+01 -1.721742746e+01 +0.0000e+00 +0.0000e+00 +0.0000e+00 +0.0000e+00 +0.0000e+00 +0.0000e+00 +0.0000e+00 +0.0000e+00 +0.0000e+00 +0.0000e+00 +0.0000e+00 +0.0000e+00 +0.0000e+00 +0.0000e+00 +0.0000e+00 +0.0000e+00 +0.0000e+00 +0.0000e+00 +0.0000e+00 +0.0000e+00
2 0 +9.885299091e+01 +9.885299091e+01 -3.976700909e+01 -3.976700909e+01 +4.3028e+00 +1.5291e+00 -3.6070e+00 +1.6967e+00 +1.2312e+00 +2.5437e+00 -8.3061e-01 -2.8488e+00 +2.6182e-01 +8.9147e-01 -4.1356e+00 +3.1850e+00 +4.1544e+00 -3.7948e+00 +3.7511e+00 +8.1143e-01 -3.4471e+00 +4.1203e+00 +1.1297e+00 +1.7250e+00
3 0 +7.965626693e+01 +7.965626693e+01 -5.896373307e+01 -5.896373307e+01 -3.5304e+00 +8.6338e-01 +3.6962e+00 +1.9593e+00 -2.9649e-01 +3.7970e+00 -3.1370e+00 +4.4116e+00 -1.2947e+00 -3.8951e+00 -3.1561e+00 +3.2237e+00 -1.3541e+00 -2.0090e+00 -8.5039e-01 -2.5942e+00 +4.5184e+00 +1.9597e+00 +2.5693e-01 -1.6413e+00
4 0 +7.580469970e+01 +7.580469970e+01 -6.281530030e+01 -6.281530030e+01 +4.8991e+00 -1.4343e+00 +1.9832e+00 +3.1402e+00 +8.6861e-01 +4.9005e+00 -3.7059e+00 +3.8276e-02 +3.1683e+00 -3.8278e-01 -4.7756e+00 -3.9281e+00 +6.8974e-01 +3.9300e+00 -4.4639e+00 +2.1761e+00 -4.9702e+00 +4.7158e+00 +4.3332e-01 +1.0908e+00
6 0 +6.752624334e+01 +6.752624334e+01 -7.109375666e+01 -7.109375666e+01 +1.1335e+00 -2.5260e+00 +2.1843e+00 -9.1746e-01 -2.0044e+00 +1.2726e+00 +4.7794e+00 -8.7125e-01 +4.1215e+00 -7.9620e-01 -9.1774e-01 +2.4084e+00 -3.6053e+00 +3.9257e+00 +1.3871e-02 -4.1916e-01 +4.9883e-01 +1.1987e+00 +3.3656e+00 -4.5349e+00
7 0 +6.259745593e+01 +6.259745593e+01 -7.602254407e+01 -7.602254407e+01 -7.3743e-01 -4.4525e-01 +1.0417e+00 -2.8925e+00 +1.2118e+00 +1.8797e+00 -2.1255e+00 +4.8301e+00 +4.9308e+00 +1.0233e+00 +2.1560e+00 +2.9056e+00 +4.4502e+00 -2.5577e+00 -2.9577e+00 +4.5502e+00 +3.7105e+00 -2.0345e-01 +1.8106e-01 -3.7602e+00
12 0 +6.133713697e+01 +6.133713697e+01 -7.728286303e+01 -7.728286303e+01 +2.6817e+00 -1.7734e+00 +6.7344e-01 -2.6663e+00 -5.4723e-01 -6.9721e-01 +4.0295e+00 -3.1016e+00 +1.6942e+00 -1.0876e+00 +2.3204e+00 -4.1569e+00 -3.7228e+00 -4.4950e+00 -1.6798e+00 -2.2451e+00 +3.5313e+00 +1.9952e+00 +4.9356e+00 +4.9036e+00
13 0 +5.148557389e+01 +5.148557389e+01 -8.713442611e+01 -8.713442611e+01 -2.6021e+00 +4.2053e+00 -3.9772e+00 -3.0014e+00 +5.2643e-01 +4.4126e-01 -4.7201e+00 +3.7885e+00 -1.6106e+00 -1.2554e+00 -7.9314e-01 -4.9207e+00 -2.6835e+00 -3.1264e+00 -1.8680e+00 -3.6013e+00 -4.4262e+00 +2.6259e+00 +1.7259e+00 +4.9819e+00
27 0 +3.622340578e+01 +3.622340578e+01 -1.023965942e+02 -1.023965942e+02 +4.1256e+00 +2.2817e+00 -3.0507e+00 +3.4944e+00 -5.0231e-02 -4.5894e+00 +1.4473e+00 +2.9600e+00 -4.1665e+00 +2.6300e+00 +3.5581e+00 +4.4257e+00 -2.6236e+00 -1.6955e+00 -4.4052e+00 -2.8935e+00 +3.8617e+00 +4.5844e+00 +7.0050e-01 -1.0409e+00
% f evaluations | g evaluations | best noise-free fitness - Fopt | noise-free fitness - Fopt (7.313900000000e+02) | measured fitness | best measured fitness | x1 | x2...
1 0 +7.230115064e+01 +7.230115064e+01 +8.036911506e+02 +8.036911506e+02 +0.0000e+00 +0.0000e+00 +0.0000e+00 +0.0000e+00 +0.0000e+00 +0.0000e+00 +0.0000e+00 +0.0000e+00 +0.0000e+00 +0.0000e+00 +0.0000e+00 +0.0000e+00 +0.0000e+00 +0.0000e+00 +0.0000e+00 +0.0000e+00 +0.0000e+00 +0.0000e+00 +0.0000e+00 +0.0000e+00
3 0 +6.386859256e+01 +6.386859256e+01 +7.952585926e+02 +7.952585926e+02 -4.5012e+00 -1.3047e+00 -4.0537e+00 +3.6080e+00 +2.1707e-01 +2.4265e+00 +1.3040e+00 +1.9333e+00 +2.9268e+00 -3.2576e+00 +2.5989e+00 -3.4061e+00 +4.6463e-01 -4.6972e+00 -1.3452e+00 -3.5456e+00 +4.9086e+00 +2.8540e+00 -3.0857e-01 -4.6046e+00
4 0 +4.799224845e+01 +4.799224845e+01 +7.793822485e+02 +7.793822485e+02 +3.1691e+00 -3.5687e+00 +1.8340e+00 +3.2242e+00 -2.4915e+00 -2.1552e+00 +2.0731e+00 +3.6516e-02 -4.6171e+00 -4.9256e+00 +3.0938e+00 +4.0928e+00 +2.1509e+00 -7.9864e-01 -2.7059e+00 -8.2005e-02 -2.3033e+00 +2.8129e+00 +1.0145e+00 -3.8953e+00
38 0 +4.047681974e+01 +4.047681974e+01 +7.718668197e+02 +7.718668197e+02 +2.8951e+00 -7.2646e-01 +4.6791e-01 -3.5775e+00 -2.6406e+00 -2.5877e+00 -3.4276e+00 +9.3804e-01 +9.3289e-02 -3.5807e+00 +1.0730e+00 +2.0910e+00 -2.3750e+00 -4.9850e+00 +3.4267e+00 -7.4242e-01 -3.8605e+00 -4.8766e+00 +2.0050e+00 +1.3134e+00
% f evaluations | g evaluations | best noise-free fitness - Fopt | noise-free fitness - Fopt (7.526000000000e+01) | measured fitness | best measured fitness | x1 | x2...
1 0 +5.694724158e+01 +5.694724158e+01 +1.322072416e+02 +1.322072416e+02 +0.0000e+00 +0.0000e+00 +0.0000e+00 +0.0000e+00 +0.0000e+00 +0.0000e+00 +0.0000e+00 +0.0000e+00 +0.0000e+00 +0.0000e+00 +0.0000e+00 +0.0000e+00 +0.0000e+00 +0.0000e+00 +0.0000e+00 +0.0000e+00 +0.0000e+00 +0.0000e+00 +0.0000e+00 +0.0000e+00
3 0 +5.538827006e+01 +5.538827006e+01 +1.306482701e+02 +1.306482701e+02 -3.8439e+00 -3.7345e+00 -6.2118e-01 -1.6960e+00 -6.6028e-01 -1.2132e+00 +3.5272e+00 +1.8255e+00 -4.5525e+00 +1.9430e+00 -1.5112e-01 -3.8031e+00 -1.2408e+00 -2.1177e-01 -2.3369e+00 -8.9627e-01 -1.5688e+00 +3.7245e+00 +4.5250e+00 +3.7692e+00
21 0 +5.337195896e+01 +5.337195896e+01 +1.286319590e+02 +1.286319590e+02 -4.2547e-01 -5.9562e-01 -4.5537e+00 -3.8962e+00 +1.3418e+00 -4.0665e-01 +4.8933e+00 +2.9636e+00 +2.7411e+00 +1.0838e+00 -1.8075e-01 -4.3649e-03 +3.5310e+00 +3.1524e-01 +1.2256e+00 -1.0513e+00 -4.5369e-02 -2.9693e+00 -3.2791e+00 +4.3369e+00
27 0 +4.854245115e+01 +4.854245115e+01 +1.238024511e+02 +1.238024511e+02 -3.1308e+00 -1.6676e+00 -1.4196e+00 -2.4351e+00 +9.3836e-01 +2.4497e+00 +4.9840e+00 -3.1676e+00 +3.6229e+00 -4.4109e+00 -3.6323e+00 +1.0953e+00 +3.0079e+00 +4.8748e+00 +4.5709e+00 +2.2750e+00 +4.2099e+00 -1.5961e+00 -4.9396e+00 -1.4831e+00
39 0 +4.323233342e+01 +4.323233342e+01 +1.184923334e+02 +1.184923334e+02 +4.2574e+00 -1.0015e-01 +1.8190e+00 +1.0990e+00 +4.5176e+00 -5.3300e-01 -4.1010e+00 -3.5832e+00 -4.3032e+00 +4.1666e+00 +2.5257e+00 +2.3723e+00 +3.5699e+00 -1.5031e+00 -1.0459e+00 -1.1633e-01 -6.1983e-01 +3.9912e+00 +4.3731e+00 +3.3969e+00
% f evaluations | g evaluations | best noise-free fitness - Fopt | noise-free fitness - Fopt (-4.913000000000e+01) | measured fitness | best measured fitness | x1 | x2...
1 0 +6.084313915e+01 +6.084313915e+01 +1.171313915e+01 +1.171313915e+01 +0.0000e+00 +0.0000e+00 +0.0000e+00 +0.0000e+00 +0.0000e+00 +0.0000e+00 +0.0000e+00 +0.0000e+00 +0.0000e+00 +0.0000e+00 +0.0000e+00 +0.0000e+00 +0.0000e+00 +0.0000e+00 +0.0000e+00 +0.0000e+00 +0.0000e+00 +0.0000e+00 +0.0000e+00 +0.0000e+00
10 0 +5.759387270e+01 +5.759387270e+01 +8.463872703e+00 +8.463872703e+00 +2.9657e+00 +3.5525e+00 -4.5975e+00 -5.2663e-02 +1.8759e+00 -4.4590e+00 -1.1850e+00 -2.2839e+00 +2.7021e+00 +2.9161e+00 -4.7982e+00 -4.1658e+00 -2.2929e+00 +3.9811e+00 +3.0291e-01 +9.1388e-01 -5.5408e-01 +3.8405e+00 +6.7617e-01 +3.4370e+00
17 0 +5.670260659e+01 +5.670260659e+01 +7.572606595e+00 +7.572606595e+00 +3.6658e+00 -2.9636e+00 -2.7856e-01 +2.5279e+00 +4.2781e+00 -1.2361e+00 +2.6903e+00 -4.4657e+00 +2.9355e+00 +2.5925e+00 -2.8168e+00 +4.5725e+00 +2.7358e+00 +2.9462e+00 +3.3072e+00 -1.8427e+00 -2.8639e+00 +4.4323e+00 +4.5883e+00 -5.8453e-01
23 0 +5.193887634e+01 +5.193887634e+01 +2.808876340e+00 +2.808876340e+00 +3.8904e+00 -4.7337e+00 -2.5136e+00 -4.3440e+00 +1.3711e+00 -2.6173e+00 -3.3840e+00 -4.5704e+00 -1.5401e+00 +9.0631e-01 +4.6938e+00 +8.0224e-01 +2.9369e-01 +2.5270e+00 +4.0818e+00 -2.6958e+00 +1.0446e+00 +2.0997e+00 -2.6015e+00 -3.5428e+00
30 0 +4.360639616e+01 +4.360639616e+01 -5.523603838e+00 -5.523603838e+00 -4.7794e+00 +9.7535e-01 -8.6333e-01 -7.2243e-01 +1.4220e+00 -3.3472e+00 +3.9564e+00 +4.7835e+00 -1.7978e+00 +3.7011e+00 -4.7539e+00 +1.6121e-01 +4.2378e+00 +4.4143e+00 +4.3079e+00 -1.6902e+00 -4.8900e+00 +2.4050e+00 +2.6913e+00 -4.8055e-01
% f evaluations | g evaluations | best noise-free fitness - Fopt | noise-free fitness - Fopt (-1.418900000000e+02) | measured fitness | best measured fitness | x1 | x2...
1 0 +4.494312855e+01 +4.494312855e+01 -9.694687145e+01 -9.694687145e+01 +0.0000e+00 +0.0000e+00 +0.0000e+00 +0.0000e+00 +0.0000e+00 +0.0000e+00 +0.0000e+00 +0.0000e+00 +0.0000e+00 +0.0000e+00 +0.0000e+00 +0.0000e+00 +0.0000e+00 +0.0000e+00 +0.0000e+00 +0.0000e+00 +0.0000e+00 +0.0000e+00 +0.0000e+00 +0.0000e+00
% f evaluations | g evaluations | best noise-free fitness - Fopt | noise-free fitness - Fopt (1.095700000000e+02) | measured fitness | best measured fitness | x1 | x2...
1 0 +1.099459860e+02 +1.099459860e+02 +2.195159860e+02 +2.195159860e+02 +0.0000e+00 +0.0000e+00 +0.0000e+00 +0.0000e+00 +0.0000e+00 +0.0000e+00 +0.0000e+00 +0.0000e+00 +0.0000e+00 +0.0000e+00 +0.0000e+00 +0.0000e+00 +0.0000e+00 +0.0000e+00 +0.0000e+00 +0.0000e+00 +0.0000e+00 +0.0000e+00 +0.0000e+00 +0.0000e+00
2 0 +7.054908673e+01 +7.054908673e+01 +1.801190867e+02 +1.801190867e+02 +4.5655e+00 -8.5171e-01 -1.5441e+00 +4.9019e+00 +8.8065e-01 -3.8454e+00 +1.6965e-01 +2.1405e+00 +9.8503e-01 -1.6889e+00 -4.6381e+00 -1.1506e+00 -4.0296e-01 +4.7373e+00 +1.2341e+00 -1.2391e+00 +3.9959e+00 -1.4752e+00 -3.0376e+00 -4.6059e+00
4 0 +5.541260864e+01 +5.541260864e+01 +1.649826086e+02 +1.649826086e+02 -1.3739e+00 +7.7376e-01 -4.1464e+00 +3.3325e+00 -3.3274e+00 +1.0129e+00 +3.0381e+00 +2.7715e+00 -4.8229e+00 +1.7221e+00 -2.0302e+00 +3.4518e+00 -7.2753e-01 -3.0888e+00 +1.6223e+00 +1.2514e+00 +8.7867e-01 +2.8120e+00 -2.5630e+00 +4.9975e+00
7 0 +4.878962104e+01 +4.878962104e+01 +1.583596210e+02 +1.583596210e+02 -4.2830e+00 +1.7448e+00 +1.2760e+00 -2.9815e+00 -3.9493e+00 -4.3003e+00 -4.3300e+00 +2.9534e+00 +1.2084e+00 +2.0629e+00 +2.7130e+00 +4.8862e+00 +1.2146e+00 +3.6674e+00 -4.6712e+00 +3.3994e+00 +8.2621e-01 +2.1653e+00 -4.4223e+00 +4.1614e+00
% f evaluations | g evaluations | best noise-free fitness - Fopt | noise-free fitness - Fopt (7.836000000000e+01) | measured fitness | best measured fitness | x1 | x2...
1 0 +3.972104146e+01 +3.972104146e+01 +1.180810415e+02 +1.180810415e+02 +0.0000e+00 +0.0000e+00 +0.0000e+00 +0.0000e+00 +0.0000e+00 +0.0000e+00 +0.0000e+00 +0.0000e+00 +0.0000e+00 +0.0000e+00 +0.0000e+00 +0.0000e+00 +0.0000e+00 +0.0000e+00 +0.0000e+00 +0.0000e+00 +0.0000e+00 +0.0000e+00 +0.0000e+00 +0.0000e+00
6 0 +3.955075859e+01 +3.955075859e+01 +1.179107586e+02 +1.179107586e+02 +3.0316e+00 -9.0278e-01 -4.0741e+00 -4.5479e+00 +5.9333e-01 -4.8695e+00 +3.7259e+00 +3.2235e+00 -2.6015e+00 -1.8784e+00 +2.8004e+00 +1.2445e+00 -4.0277e+00 +4.5035e+00 -2.2858e+00 +3.6134e+00 -2.9234e+00 -1.8266e+00 +1.7421e+00 -4.4042e+00
% f evaluations | g evaluations | best noise-free fitness - Fopt | noise-free fitness - Fopt (1.140900000000e+02) | measured fitness | best measured fitness | x1 | x2...
1 0 +6.229416661e+01 +6.229416661e+01 +1.763841666e+02 +1.763841666e+02 +0.0000e+00 +0.0000e+00 +0.0000e+00 +0.0000e+00 +0.0000e+00 +0.0000e+00 +0.0000e+00 +0.0000e+00 +0.0000e+00 +0.0000e+00 +0.0000e+00 +0.0000e+00 +0.0000e+00 +0.0000e+00 +0.0000e+00 +0.0000e+00 +0.0000e+00 +0.0000e+00 +0.0000e+00 +0.0000e+00
8 0 +5.096834596e+01 +5.096834596e+01 +1.650583460e+02 +1.650583460e+02 -3.0509e-01 -4.5842e+00 +2.0468e+00 -1.3653e+00 +4.6614e+00 +1.8930e+00 -1.9192e+00 -4.1697e+00 +4.9736e+00 +1.3834e+00 -2.4594e+00 +1.3672e+00 -3.8680e-01 +4.9754e+00 +4.1832e+00 +4.3521e+00 +2.2975e+00 +4.6688e+00 -2.2706e+00 -3.9211e+00
13 0 +4.288423750e+01 +4.288423750e+01 +1.569742375e+02 +1.569742375e+02 +3.7964e+00 -3.7353e+00 +2.0828e+00 +3.9629e+00 -4.8199e+00 -1.0197e+00 +1.7755e+00 -1.4302e+00 -3.3283e+00 +2.5308e+00 +2.1171e+00 -8.2916e-01 +2.5746e+00 +1.4180e+00 +1.1439e+00 +1.9938e-01 -7.8706e-01 -1.8271e+00 +9.4157e-03 +2.5361e+00
% f evaluations | g evaluations | best noise-free fitness - Fopt | noise-free fitness - Fopt (-5.445900000000e+02) | measured fitness | best measured fitness | x1 | x2...
1 0 +9.322658084e+01 +9.322658084e+01 -4.513634192e+02 -4.513634192e+02 +0.0000e+00 +0.0000e+00 +0.0000e+00 +0.0000e+00 +0.0000e+00 +0.0000e+00 +0.0000e+00 +0.0000e+00 +0.0000e+00 +0.0000e+00 +0.0000e+00 +0.0000e+00 +0.0000e+00 +0.0000e+00 +0.0000e+00 +0.0000e+00 +0.0000e+00 +0.0000e+00 +0.0000e+00 +0.0000e+00
3 0 +4.646152146e+01 +4.646152146e+01 -4.981284785e+02 -4.981284785e+02 +3.1141e+00 +3.2614e+00 -2.5158e-01 +1.7250e+00 -6.2197e-01 +1.1170e+00 -4.6730e+00 +1.2548e+00 -4.4941e+00 +1.8778e+00 +2.1913e+00 +3.2726e+00 -1.0058e+00 -1.9491e+00 +7.9853e-01 +4.4407e+00 +3.2881e+00 -3.0451e+00 -1.6797e+00 +2.9332e+00
36 0 +3.955298617e+01 +3.955298617e+01 -5.050370138e+02 -5.050370138e+02 -7.0381e-01 +1.4126e+00 -3.7343e+00 +2.1406e+00 -1.7644e+00 -2.8317e+00 -1.6897e+00 +2.9362e+00 -4.9971e+00 -1.7062e+00 -1.4440e+00 +1.0531e+00 +1.0106e+00 +1.8738e+00 -9.7312e-01 -1.0283e-02 -1.4289e+00 +1.4075e+00 +6.1320e-01 +4.8867e+00
